186
179
167
200
192
128
243
202
188
218
188
215
218
139
172
204
205
196
159
194
246
112
218
141
244
187
194
213
201
125
197
211
170
185
245
136
218
188
234
205
129
229
133
211
210
183
170
199
138
140
195
206
181
208
138
244
227
206
188
184
203
184
170
190
194
185
201
220
195
184
192
249
153
179
151
187
231
219
173
237
180
132
231
218
228
224
231
230
209
146
241
206
219
201
148
202
203
123
151
215
176
186
187
204
189
203
232
212
207
219
191
203
190
202
174
200
203
168
222
197
236
216
219
182
229
171
192
217
199
185
198
214
185
203
243
186
230
187
236
214
180
226
181
217
194
217
185
204
199
180
190
213
240
221
191
233
216
213
199
190
186
190
174
107
189
186
200
224
201
209
189
240
172
170
186
200
209
219
187
214
176
179
229
230
236
214
229
240
212
192
234
211
214
198
184
208
123
193
172
249
206
205
234
221
225
237
265
221
225
253
226
238
234
235
206
230
237
211
244
209
259
256
269
222
246
209
231
237
225
208
230
235
193
226
268
220
257
227
256
218
225
251
208
237
219
113
239
238
234
201
233
234
268
244
234
236
251
228
211
222
220
227
220
216
221
227
212
254
230
210
225
270
234
201
222
233
231
234
222
240
204
210
242
255
268
247
266
269
213
213
252
240
252
225
205
232
245
208
214
260
213
203
210
222
222
163
245
219
222
238
220
235
225
184
201
232
218
212
148
218
259
200
254
175
252
210
235
240
229
166
212
247
212
224
269
157
251
231
259
232
164
250
184
247
226
239
210
227
180
168
220
227
167
236
172
253
247
241
221
231
230
227
200
218
220
224
210
252
223
185
225
267
197
208
180
221
243
237
229
254
216
156
256
243
258
233
234
257
232
172
258
232
255
213
162
226
236
178
188
235
180
175
209
206
195
199
238
213
204
215
200
209
213
201
177
203
206
191
197
199
234
197
222
181
233
188
215
215
191
187
206
210
178
205
252
192
232
198
245
220
177
220
192
216
207
206
210
198
197
183
199
207
218
218
200
231
239
131
203
206
202
201
182
201
194
204
200
224
212
204
202
241
199
178
189
197
209
208
189
222
185
181
234
232
237
222
230
244
201
194
231
209
238
202
185
213
224
183
181
231
