186
186
162
163
160
159
176
164
163
172
161
160
167
159
182
158
163
184
162
159
184
161
173
185
178
158
164
174
161
161
163
163
158
165
181
185
176
159
182
166
182
171
186
169
165
160
165
166
160
157
164
170
170
172
161
180
176
164
159
160
159
160
185
167
160
159
163
177
163
162
160
181
182
182
158
159
166
165
163
170
186
185
178
172
182
172
172
182
164
157
172
165
173
164
161
165
166
186
185
181
118
118
42
53
38
18
91
59
44
72
40
38
49
18
113
35
53
115
42
37
101
40
71
116
89
17
55
73
40
17
44
59
17
57
105
116
91
37
97
47
113
70
118
66
45
38
45
47
21
16
43
68
68
75
17
93
91
59
37
38
37
33
114
49
38
37
53
87
53
42
38
105
113
113
17
37
62
60
27
68
118
116
89
81
103
81
81
103
59
16
81
57
77
43
17
57
62
118
114
105
115
115
50
55
47
38
92
59
52
71
48
47
54
38
107
42
55
109
50
46
102
48
73
113
91
37
54
75
48
37
52
58
37
56
102
113
92
46
98
55
107
69
115
67
54
47
54
55
40
36
53
65
65
77
37
94
92
59
46
47
46
43
111
54
47
46
55
89
55
50
47
102
107
107
37
46
63
61
40
65
115
113
91
83
101
83
83
101
59
36
83
56
79
53
37
56
63
115
111
102
117
117
48
54
44
34
90
59
50
69
46
44
52
34
109
41
54
111
48
42
99
46
71
115
88
33
55
73
46
33
50
59
33
57
103
115
90
42
96
53
109
67
117
66
51
44
51
53
36
32
52
65
65
75
33
92
90
59
42
44
42
40
113
52
44
42
54
87
54
48
44
103
109
109
33
42
62
60
36
65
117
115
88
81
101
81
81
101
59
32
81
57
77
52
33
57
62
117
113
103
116
116
44
51
40
26
89
59
46
70
42
40
47
26
108
36
51
110
44
38
97
42
72
114
87
25
53
74
42
25
46
57
25
55
101
114
89
38
95
46
108
68
116
65
47
40
47
46
28
24
46
66
66
76
25
91
89
59
38
40
38
34
112
47
40
38
51
87
51
44
40
101
108
108
25
38
63
61
29
66
116
114
87
82
99
82
82
99
59
24
82
55
78
46
25
55
63
116
112
101
